16 16
0 0 0 0 0 1 1 1 1 1 1 0 0 0 0 0 
0 0 0 1 1 233 233 233 233 233 233 1 1 0 0 0 
0 0 1 233 233 168 168 168 168 168 168 168 168 1 0 0 
0 1 233 168 168 168 168 168 168 168 168 168 168 168 1 0 
0 1 233 168 168 1 168 168 168 168 1 168 168 168 1 0 
1 233 168 168 168 1 168 168 168 168 1 168 168 168 167 1 
1 233 168 168 168 1 168 168 168 168 1 168 168 168 167 1 
1 233 168 168 168 1 168 168 168 168 1 168 168 168 167 1 
1 233 168 168 168 168 168 168 168 168 168 168 168 168 167 1 
1 233 168 1 168 168 168 168 168 168 168 168 1 168 167 1 
1 233 168 168 1 168 168 168 168 168 168 1 168 168 167 1 
0 1 168 168 168 1 1 1 1 1 1 168 168 167 1 0 
0 1 168 168 168 168 168 168 168 168 168 168 168 167 1 0 
0 0 1 168 168 168 168 168 168 168 168 167 167 1 0 0 
0 0 0 1 1 167 167 167 167 167 167 1 1 0 0 0 
0 0 0 0 0 1 1 1 1 1 1 0 0 0 0 0 
